1.3387442400529071e-06 27.04
0.3769841305257784 27.78
0.7461901570168494 28.03
1.124542930404042 28.27
1.4997643810137506 28.75
1.8702323970751116 29.46
2.247931863273158 30.16
2.625108326721424 30.16
2.996259994841372 30.39
3.3739746334741394 30.62
3.751205985436248 31.29
4.1199595163741805 31.73
4.496628595755467 32.39
4.875207170671148 32.61
5.244094129785006 33.25
5.603866918112585 33.67
5.963966806282816 34.09
6.341824244301189 34.71
6.721835721801807 35.12
7.093973598178594 35.52
7.462569603544281 36.51
7.825936473908321 36.90
8.207072942818664 37.29
8.579823964057395 38.24
8.95319348513503 38.80
9.32590746778312 39.36
9.709830309705092 39.73
10.08605983472756 40.45
10.453590645926246 41.34
10.832177253307368 41.69
11.210051202504701 42.56
11.577059903449765 42.91
11.952056445027145 43.76
12.325139921085489 44.26
12.705176834726668 44.92
13.074246309305254 45.74
13.450849790218777 46.23
13.829045038033724 47.18
14.198046682904147 47.82
14.576092883860367 48.59
14.951548168464004 49.06
15.327896841723838 49.97
15.704896590932417 50.73
16.07419677576837 51.32
16.44993989038362 51.91
16.829018263148924 52.50
17.20092899925298 53.37
17.579027857482643 54.09
17.949074615356466 54.95
18.330146378295208 55.51
18.7028915983089 56.35
19.076880065473517 57.04
19.4514410689248 57.87
19.829658629143747 58.55
20.207007344350902 59.23
20.574229798126293 59.90
20.954004317896423 60.57
21.330797454243953 61.50
21.706891319850097 62.16
22.08075617629655 63.08
22.453067196928384 63.86
22.821953263546085 64.51
23.199974474609824 65.29
23.57710809824241 65.93
23.94586207542842 66.70
24.324072495678088 67.46
24.701064212421226 68.35
25.068755672928717 68.99
25.429779740872664 69.74
25.8071378272895 70.50
26.185099687358594 71.25
26.562962480353928 72.01
26.934098083542995 72.88
27.305889225161607 73.51
27.68396666348343 74.38
28.057130464196177 75.00
28.437942064504266 75.75
28.810854181299884 76.50
29.18395729227375 77.25
29.557233547502662 78.12
29.941093914693433 78.87
30.31710656314901 79.50
30.68517376453988 80.25
31.060847710702724 81.25
31.437643078290655 81.88
31.814062258747132 82.76
32.188095350719756 83.51
32.56106503351769 84.27
32.93112651757816 85.29
33.308050404613134 85.93
33.685925692554704 86.69
34.05489699255569 87.33
34.43212655952548 88.24
34.80970107626112 89.01
35.18693153572707 89.79
35.555986284119015 90.58
35.93292935982143 91.37
36.310922457256126 92.03
36.67977951774863 92.82
37.05696802989505 93.63
37.43527662472232 94.43
37.80692987568421 95.24
38.18791462024735 96.06
38.55595906298613 96.75
38.93522842992968 97.58
39.30791117521217 98.42
39.681209296597004 99.12
40.06291294681704 99.97
40.437800157614824 100.68
40.813839580955204 101.54
41.190705901987855 102.27
41.56082896828337 103.15
41.937072773244395 103.74
42.315979340498885 104.63
42.692944728605305 105.54
43.06206284422461 106.30
43.43894880017279 107.07
43.81272663824364 107.69
44.18595380618375 108.47
44.55515447769786 109.42
44.93393921922651 110.38
45.31106124040901 110.86
45.680725563678266 111.68
46.05940856064467 112.50
46.43669123113598 113.17
46.8072315393863 114.01
47.18393988859863 114.70
47.56080844087168 115.38
47.93123004713272 116.26
48.30892415835381 116.96
48.68679498381458 117.67
49.05584036099685 118.40
49.433789726119706 119.12
49.81269316963764 119.68
50.18391043622535 120.42
50.5648925033 121.17
50.935913420732504 121.94
51.30616232898658 122.51
51.68391132872151 123.29
52.06590459394548 123.88
52.43885419557982 124.48
52.812647652333474 125.29
53.18677579514714 126.10
53.55989184731533 126.72
53.93490266883127 127.56
54.30989564042401 128.41
54.68677267141058 128.84
55.06401785706317 129.70
55.43975963293418 130.36
55.815640638206155 131.03
56.195753860269015 131.71
56.58175889573235 132.62
56.95084443524182 133.31
57.32901112317964 133.78
57.70367253244893 134.73
58.076747083545676 135.45
58.449733277522576 136.18
58.827995462549524 136.93
59.197933335891825 137.68
59.575962579421 138.44
59.9539913767021 139.21
60.32395557868112 140.00
60.70162068377701 140.80
61.07064910353223 141.33
61.44862747478029 142.15
61.82697935567132 142.98
62.195971629332064 143.82
62.574068256321326 144.39
62.95268922480461 145.26
63.321830545324076 146.14
63.700814313496416 146.74
64.07783325137244 147.64
64.44794025273707 148.26
64.8260507134168 149.19
65.19779499898702 149.82
65.57883686330439 150.46
65.95008358226539 151.11
66.32760811921607 152.10
66.69768299071893 152.77
67.07795864708292 153.44
67.45080427291461 154.48
67.82480657376972 154.83
68.20683152260737 155.53
68.58071199773663 156.25
68.95469332493197 156.98
69.32894106223108 157.71
69.70482519123962 158.46
70.08182003171932 159.22
70.45858371569356 159.99
70.82755947817535 160.38
71.19979731412205 161.17
71.57602550040029 161.97
71.95380306001233 162.79
72.33111339788461 163.20
72.70581675447342 164.03
73.08079276863911 164.88
73.4559164909193 165.75
73.82966755410534 166.62
74.20359131529837 167.52
74.57474744589912 167.97
74.95277981316485 168.89
75.32164936860359 169.36
75.70002490064286 170.30
76.07754051263194 170.78
76.44803619607427 171.75
76.82564284267167 172.24
77.20353776552876 173.25
77.57377328634044 173.75
77.9517650450309 174.27
78.32170381086935 175.31
78.6998722837995 175.84
79.07691442657568 176.38
79.44572150728321 176.92
79.79875728834676 178.02
80.16911240364388 178.58
80.54664408056384 179.14
80.9158706344666 179.72
81.29385346819545 180.29
81.67162522658246 180.88
82.04198391186422 182.07
82.41961242461754 182.68
82.78961098769872 183.29
83.16988396657423 183.91
83.54170188307765 182.07
83.91977039643787 185.18
84.29091492458853 185.83
84.66986433165872 186.48
85.04065453883385 187.14
85.42173835047075 187.81
85.79460584245837 188.49
86.1687098878757 189.18
86.54983743182444 189.88
86.92370630450363 189.18
87.29758231715208 190.59
87.6717492835487 192.04
88.04483677583977 192.04
88.41950800256681 192.78
88.7955942819556 193.53
89.17158461800719 184.54
89.54771998468476 197.46
89.92371522946523 195.07
90.30069802124676 195.07
90.67744430154589 195.07
91.04705418254937 196.65
91.42303425489511 196.65
91.798702846081 196.65
92.17482750280467 197.46
92.5504907390136 198.28
92.9285953984683 198.28
93.29857031040125 198.28
93.67569322407991 199.12
94.0526925270404 199.97
94.42056337927606 200.83
94.79674560200205 200.83
95.17067204068354 200.83
95.54555211151204 201.71
95.92168926318195 201.71
96.29743817902224 202.61
96.67167699135975 202.61
97.04442131887727 202.61
97.41754897349554 203.52
97.79954089997528 203.52
98.17254539012346 203.52
98.5436568959162 204.45
98.92266476148487 204.45
99.29379500969696 205.39
99.6727345993094 204.45
100.05065272706665 205.39
100.42852399877549 205.39
100.79750734747464 206.35
101.17441070709793 209.35
101.55177637973213 206.35
101.92051607697958 206.35
102.29849489447572 207.33
102.67764154319725 207.33
103.04662980062528 207.33
103.42578091182763 209.35
103.79443180570716 204.45
104.15597173643161 208.33
104.53387156801757 208.33
104.91177184585163 206.35
105.28171239668241 208.33
105.65956358722767 208.33
106.03737595418995 209.35
106.40756952768211 208.33
106.78650956354261 209.35
107.15567676645071 209.35
107.53441465193096 209.35
107.91261570097095 209.35
108.28254420310357 209.35
108.66062878139466 209.35
109.03093704064338 199.12
109.4094366296489 209.35
109.78860514452637 209.35
110.15762062308727 210.38
110.53559497810261 209.35
110.9078912725478 209.35
111.28441799879155 209.35
111.65456471623531 210.38
112.03264617078985 210.38
112.4115893303869 210.38
112.78171507417089 207.33
113.1596747029996 210.38
113.53858127025408 209.35
113.90849549244814 210.38
114.28646315374228 199.12
114.65661745740339 210.38
115.03464893217297 199.12
115.40458011179408 210.38
115.78355852498945 209.35
116.1613226971591 209.35
116.53148458703757 209.35
116.91068790926526 209.35
117.2806811173695 209.35
117.65854748034947 209.35
118.03756516337589 213.62
118.4067725286112 209.35
118.785435444414 209.35
119.15467047703028 212.52
119.53344763234156 209.35
119.90250238073351 209.35
120.2814290291516 207.33
120.65176629452552 209.35
121.02954831661837 209.35
121.40805906182588 208.33
121.77764573792922 208.33
122.15554467701902 206.35
122.52553074515397 208.33
122.90340603309554 208.33
123.28140091552257 207.33
123.65151639560071 208.33
124.02927789028188 208.33
124.40736826979801 206.35
124.7773355955136 208.33
125.15529834807886 207.33
125.52531833106788 207.33
125.90327126617538 207.33
126.28138485059168 207.33
126.65080552240924 208.33
127.0296438137075 207.33
127.4077373169602 206.35
127.77744180255664 207.33
128.15538982893526 207.33
128.52561642478534 206.35
128.90242339482333 206.35
129.27950480743056 207.33
129.65639254837106 207.33
130.0255436863483 206.35
130.40256351672048 206.35
130.77947446256113 206.35
131.15637692968826 205.39
131.5254941528114 205.39
131.90348769649418 205.39
132.2814763314481 205.39
132.65069619162963 205.39
133.0284777674744 205.39
133.40637536781998 205.39
133.7764868316654 205.39
134.15446564916155 205.39
134.53359132422332 205.39
134.90241223862134 205.39
135.28134245702407 204.45
135.6524387903821 205.39
136.03124629056285 205.39
136.4024845308103 204.45
136.781353166978 204.45
137.1524361128936 204.45
137.53159213282484 204.45
137.90250996695087 204.45
138.28242773235468 204.45
138.6535847554516 204.45
139.0336926225375 204.45
139.40646907991677 203.52
139.77951997986528 203.52
140.15245485531298 203.52
140.52543881804948 201.71
140.90756461895322 203.52
141.28055795289941 207.33
141.65343660108903 207.33
142.02555261130988 203.52
142.39930947572097 203.52
142.78121170633662 203.52
143.154194776577 203.52
143.52755715768532 200.83
143.90128947845201 204.45
144.27429262985595 203.52
144.6564246782328 202.61
145.02941399594627 203.52
145.4032061139557 202.61
145.77629806872756 203.52
146.14928917143334 202.61
146.5314189885698 202.61
146.90528429126434 202.61
147.2782731627297 202.61
147.65140394108454 204.45
148.02528263122147 203.52
148.40763557239794 202.61
148.78027101538396 202.61
149.15339420752142 202.61
149.52740186335348 202.61
149.90152108120554 202.61
150.2741467067338 202.61
150.65638139216907 201.71
151.0291703444946 202.61
151.40326278746187 202.61
151.7772664270612 202.61
152.15150970187952 202.61
152.5263830789868 201.71
152.90123771367473 201.71
153.2771477250719 201.71
153.65249992636907 204.45
154.02848981617257 202.61
154.40337434948185 202.61
154.77955612595977 202.61
155.15424029388114 201.71
155.53012888537046 201.71
155.90624193964405 201.71
156.2813598606992 205.39
156.65745595754575 202.61
157.03333651656965 199.97
157.4094339521604 201.71
157.77535960901528 201.71
158.15134949881877 201.71
158.52722782660229 201.71
158.90320745269995 201.71
159.27968687664722 201.71
159.6552126684475 201.71
160.02246680583656 201.71
160.39021449360214 201.71
160.7662097383826 201.71
161.14240177856635 200.83
161.51832473115783 201.71
161.8940812332155 201.71
162.270350028069 201.71
162.64519796903573 200.83
163.0203181213313 200.83
163.39531287791635 200.83
163.77043303021188 201.71
164.1443143978373 201.71
164.51918465120804 200.83
164.89443689293526 199.97
165.26817858491165 201.71
165.64318405145062 200.83
166.01843986316248 200.83
166.39218601761965 204.45
166.76704377604415 200.83
167.1411701338655 200.83
167.5161635517063 201.71
167.89128638149035 200.83
168.26517310409272 200.83
168.64017053816627 199.12
169.01604172598047 201.71
169.39109851104865 201.71
169.76629586426205 200.83
170.142159912107 200.83
170.51815917312015 200.83
170.8942976635343 201.71
171.27038081918653 201.71
171.64641042506915 201.71
172.01417596275792 202.61
172.3900837429147 201.71
172.76640296380126 201.71
173.14126116847382 205.39
173.51740724510532 202.61
173.89327798667145 185.83
174.26813753008827 201.71
174.64442506736114 202.61
175.01840237832377 201.71
175.39202090583007 202.61
175.76638779136653 202.61
176.13938067906463 202.61
176.51312594102563 202.61
176.89548468342716 199.97
177.2699702709529 202.61
177.64200194028666 202.61
178.01524517315764 202.61
178.3892947763092 202.61
178.76119301746704 202.61
179.14461873902786 203.52
179.5173742227474 203.52
179.89129218271538 203.52
180.26429310287892 205.39
180.64602888296074 203.52
181.01935690296693 203.52
181.39232926325334 203.52
181.7646443001179 204.45
182.1392160135231 204.45
182.52021994675368 203.52
182.89322220566146 204.45
183.2660937138818 204.45
183.6392186910116 205.39
184.0213422606749 205.39
184.3939736874282 203.52
184.7662503469579 203.52
185.13928875196015 203.52
185.52109370049436 203.52
185.8943306858922 203.52
186.267065195952 204.45
186.6402124854858 204.45
187.01333389263092 207.33
187.39434094959807 204.45
187.76706207221542 203.52
188.14138745668046 203.52
188.51346776705492 203.52
188.89519060594242 203.52
189.26830531936636 203.52
189.64197248791336 203.52
190.01563697897188 203.52
190.38835988658158 203.52
190.77030674200523 203.52
191.14417963091714 202.61
191.51716716363828 203.52
191.8901819174923 201.71
192.26412932983357 202.61
192.64605967407826 202.61
193.01904452931092 202.61
193.3929379456345 202.61
193.76616422107844 202.61
194.1401941893145 202.61
194.52233739389337 202.61
194.8951571373364 202.61
195.26926743022688 201.71
195.6420407638696 202.61
196.01528488923677 202.61
196.38877311230368 202.61
196.77126215914456 203.52
197.14391768329418 203.52
197.51811990328912 199.97
197.89124354167467 202.61
198.26528912859354 202.61
198.63838688459043 202.61
199.02125434980317 203.52
199.39399956981686 203.52
199.76786888874412 203.52
200.13217243382812 203.52
200.50612252365784 205.39
200.87897975193962 203.52
201.2524063927715 203.52
201.62624090434852 202.61
201.9998322107219 202.61
202.37321244175348 202.61
202.75518964204656 203.52
203.12943827184185 202.61
203.50324154605326 185.18
203.87587743528732 202.61
204.25012695757877 202.61
204.6229917720779 202.61
205.0059873104896 202.61
205.37924571579532 202.61
205.7529802678024 202.61
206.12610345993986 202.61
206.50010174456224 202.61
206.8730169850944 202.61
207.2560937406567 202.61
207.62921514780183 202.61
208.00308491297716 202.61
208.37707293389371 205.39
208.7489470776552 202.61
209.124090881099 202.61
209.50674727096987 202.61
209.88015561563046 202.61
210.25410302797172 201.71
210.62817360478306 202.61
211.00220535801145 201.71
211.37530579149683 202.61
211.74792561580003 202.61
212.1231702713099 202.61
212.50587440972535 200.83
212.8790716790441 202.61
213.2528240809744 202.61
213.62718695027814 202.61
214.00095229340275 202.61
214.37418213883134 202.61
214.75706433023072 203.52
215.13084082955734 201.71
215.5041808982617 202.61
215.87784717431254 202.61
216.2520556417806 203.52
216.6261695046557 199.12
216.99978847841007 202.61
217.3731111434393 202.61
217.75623252380956 202.61
218.12980017903473 202.61
218.5040398838684 202.61
218.87691317708106 202.61
219.25102659370808 202.61
219.62478435061533 202.61
219.99805346587496 202.61
220.38091245237416 201.71
220.7539071250646 202.61
221.12814459865785 202.61
221.50196483029632 202.61
221.8757823844463 202.61
222.25813532562276 202.61
222.63221348865147 202.61
223.00666203758658 201.71
223.38003378990462 201.71
223.75311101848985 205.39
224.12812451749426 201.71
224.50165379538456 202.61
224.875942587507 202.61
225.2581277394054 201.71
225.63201490825585 205.39
226.00599534295503 202.61
226.3800034450352 202.61
226.75290708311726 202.61
227.1277483303628 202.61
227.50111383520772 202.61
227.87486936087458 202.61
228.2581210456842 202.61
228.63099210765645 201.71
229.00510730927581 202.61
229.37879991396338 202.61
229.7510823747181 202.61
230.12611015366107 202.61
230.50798605564 201.71
230.88199103398358 205.39
231.2561111443318 202.61
231.63000009817458 184.54
232.00312284406397 202.61
232.37710506375547 202.61
232.7493379909733 202.61
233.1329676479067 199.97
233.50596856807024 202.61
233.88086113384497 202.61
234.25372460959986 202.61
234.628095065121 202.61
235.00070060948562 199.97
235.38285407777033 202.61
235.75558724908586 202.61
236.13070249265252 203.52
236.50382613103807 202.61
236.87807922331413 202.61
237.25207929292884 202.61
237.6259597680581 201.71
238.0000495335369 202.61
238.38408393747886 201.71
238.75768952379082 200.83
239.13381730425104 202.61
239.50779104522903 203.52
239.88309549798163 201.71
240.25780911827627 202.61
240.62393246303057 202.61
240.9979231614356 202.61
241.37192590853877 202.61
241.7522876907822 202.61
242.1269308038802 202.61
242.50092507226987 202.61
242.8749180019153 202.61
243.2489296739801 202.61
243.62190917423578 203.52
243.9957900956131 203.52
244.3777989795199 202.61
244.7502804669183 202.61
245.1250462982383 202.61
245.49903699664333 202.61
245.87191475233678 203.52
246.24566581552284 201.71
246.62769701183362 202.61
247.00102369309556 202.61
247.37469220038682 202.61
247.74638070494703 202.61
248.12177351481947 203.52
248.49504575381565 203.52
248.87689755839824 202.61
249.25088825680328 202.61
249.62376645874483 202.61
249.99774957093248 202.61
250.37095799645323 202.61
250.75124882525193 203.52
251.12700800479806 202.61
251.49962827534935 202.61
251.87389921754863 203.52
252.24688630402167 202.61
252.61992649401625 203.52
253.00185996199752 203.52
253.37586627908533 203.52
253.74644451842246 203.52
254.12072884806412 203.52
254.5026150137489 203.52
254.8757283884286 203.52
255.2487302010883 203.52
255.6218417907757 205.39
256.0027131883265 204.45
256.3758426279371 203.52
256.74746598027764 203.52
257.12195960026884 203.52
257.49475301507516 203.52
257.8765762597806 203.52
258.24963563844267 203.52
258.6229676746816 203.52
258.9958213329787 204.45
259.3767021017392 203.52
259.7484472798056 204.45
260.12284986518847 203.52
260.4959556536508 203.52
260.86885795298866 203.52
261.24856419680253 204.45
261.61981716323663 205.39
261.9920291167947 205.39
262.37095487271665 204.45
262.7407138005789 204.45
263.12168694269195 202.61
263.4927042901398 200.83
263.87180229782064 205.39
264.2425889350111 204.45
264.62179314973497 204.45
264.99266769779723 204.45
265.37166976214087 204.45
265.74138629643545 204.45
266.12278605171304 204.45
266.4927373124977 204.45
266.87279073731787 204.45
267.2436697478609 205.39
267.62278783670536 205.39
267.99352494035895 204.45
268.37264972292456 204.45
268.7423055674803 204.45
269.1237776149468 204.45
269.4941978824636 204.45
269.8663067527152 204.45
270.24564261062267 203.52
270.6178358217614 203.52
270.99964791026485 203.52
271.37264481419567 203.52
271.74426325780735 204.45
272.1187716039852 205.39
272.49956580061814 204.45
272.8726381204745 204.45
273.2467493058611 205.39
273.61975468850545 204.45
273.99273151127267 203.52
274.37474485766023 202.61
274.7473222883959 202.61
275.121726658771 202.61
275.495739223332 202.61
275.8684906908188 202.61
276.25073296247143 203.52
276.6247339245823 203.52
276.99759606159296 202.61
277.37173312936824 202.61
277.74319538615185 202.61
278.11923213200373 202.61
278.5008474251039 202.61
278.8735207991768 202.61
279.2474775827277 202.61
279.62150755096377 202.61
279.9948565446297 202.61
280.360449746665 202.61
280.7429191585903 202.61
281.11768097367764 202.61
281.49255792076957 201.71
281.8675732047663 201.71
282.2438379833871 202.61
282.61858462603965 202.61
282.99445759884617 201.71
283.3615836630363 202.61
283.7377565145526 201.71
284.1125044959494 201.71
284.4887001061178 201.71
284.863823828398 201.71
285.2398360306055 201.71
285.6154483945333 202.61
285.99091126535427 202.61
286.3666757998774 201.71
286.74188520178893 201.71
287.11777200828595 201.71
287.49355305398797 201.71
287.869428704283 202.61
288.236682395424 199.12
288.6116668883032 201.71
288.9875389686136 201.71
289.3635382296268 201.71
289.73849728636543 201.71
290.1148004423211 201.71
290.4895484237179 203.52
290.86582078855605 204.45
291.2404558691886 202.61
291.6160526144336 202.61
291.9896675719553 202.61
292.363801515994 201.71
292.73728616907624 205.39
293.11060571036893 202.61
293.4936530135579 202.61
293.867755720231 202.61
294.2407628878677 203.52
294.6145380484501 200.83
294.98765454686634 199.97
295.3617889371531 202.61
295.7427241481794 202.61
296.11662425822414 202.61
296.4907416910839 202.61
296.86364800665444 205.39
297.2366395556083 203.52
297.61075877346036 203.52
297.99248607482866 203.52
298.36537677171646 202.61
298.7383344058162 203.52
299.11174632046146 200.83
299.48461515119334 204.45
299.8667338121278 204.45
300.23883375741775 207.33
300.61236749778885 203.52
300.98462095241837 203.52
301.357756193254 203.52
301.73936568512914 203.52
302.113489365462 203.52
302.4857383576107 203.52
302.85906593136883 203.52
303.2406825632133 203.52
303.6134045783268 202.61
303.98647154320616 203.52
304.3597214697984 200.83
304.7413827264508 202.61
305.1145902594754 204.45
305.48758270092543 203.52
305.86060370225255 204.45
306.24279554787216 203.52
306.61701695653454 204.45
306.9885689091823 204.45
307.36146808478355 205.39
307.7345698570132 204.45
308.1086078577147 204.45
308.4906622589256 202.61
308.8634480875146 202.61
309.23744057091193 202.61
309.6105597468167 202.61
309.98456606390454 202.61
310.36680833555715 205.39
310.7393683626176 202.61
311.1126776402045 203.52
311.4866076488706 202.61
311.85952333565086 202.61
312.24240731204253 202.61
312.6156050276094 202.61
312.9895524399506 202.61
313.3624212706825 202.61
313.73658555959065 203.52
314.10974489782257 202.61
314.4917640454352 202.61
314.866645901256 202.61
315.23961603030205 201.71
315.6135964650012 202.61
315.9865259854719 202.61
316.3602904361004 203.52
316.73452701719754 205.39
317.11676438012125 202.61
317.4895328050351 202.61
317.8632785132442 202.61
318.2366060870023 202.61
318.61050708954326 202.61
318.98371640756017 202.61
319.36573778641315 202.61
319.73951205449936 202.61
320.1113513909106 202.61
320.4865032268199 202.61
320.85966568878837 202.61
321.232393951375 202.61
321.6065104917386 202.61
321.9792673142024 203.52
322.3526448677455 203.52
322.73436993787334 205.39
323.1086266001341 204.45
323.481495877114 203.52
323.85462397798034 205.39
324.2276155269342 203.52
324.60151831446746 203.52
324.98361243175754 203.52
325.3567811411991 202.61
325.73047508463094 202.61
326.10347957477916 202.61
326.4766295418014 202.61
326.8584728676705 202.61
327.2326045804688 202.61
327.6054618087506 202.61
327.9793574563145 203.52
328.3525908717278 200.83
328.7345944006576 202.61
329.10859893275307 202.61
329.4813410290302 202.61
329.8555785026235 204.45
330.2285263192655 203.52
330.60246302165285 203.52
330.9844665505827 202.61
331.35753530045434 202.61
331.73158668859827 202.61
332.10432521489076 202.61
332.47843952401394 202.61
332.86019984774015 199.97
333.23345111307657 202.61
333.6065658265005 202.61
333.98019729520115 202.61
334.3543169593013 202.61
334.7273044920224 202.61
335.1091853027302 203.52
335.4835566507475 203.52
335.8572737990795 202.61
336.2292389774493 200.83
336.60355989943355 201.71
336.976593841955 203.52
337.35819619386086 203.52
337.7314251467933 203.52
338.1056153180901 203.52
338.4784114103849 203.52
338.85149533269134 203.52
339.23354348642914 203.52
339.6072700059708 203.52
339.9801968489531 202.61
340.35441959635966 203.52
340.7272915508281 202.61
341.10040626425206 203.52
341.4734781378603 203.52
341.84711987026674 201.71
342.22042780910937 202.61
342.5935697436662 202.61
342.9754496618778 202.61
343.34938279428053 203.52
343.72247385655623 203.52
344.095615344865 203.52
344.4695060837001 202.61
344.8512525737358 203.52
345.22450116158376 202.61
345.59846820884053 200.83
345.97123752625055 202.61
346.3457092800858 202.61
346.7184527151072 202.61
347.1005013150931 203.52
347.47436840277993 205.39
347.8474469701094 203.52
348.22033498950873 204.45
348.5941070263545 203.52
348.9763546529841 202.61
349.3494814151062 202.61
349.72335430401813 202.61
350.0962106398037 202.61
350.47058109532486 202.61
350.84336380017726 204.45
351.2253575116493 203.52
351.599346425062 202.61
351.9724312398646 202.61
352.34644960565055 202.61
352.71921312183554 203.52
353.1013474014528 205.39
353.4743313641893 203.52
353.8474072540303 205.39
354.2213220902617 205.39
354.5943355053715 203.52
354.97590171118287 202.61
355.34845281328177 202.61
355.7233230666525 202.61
356.09641814516095 203.52
356.46945253393045 202.61
356.84336781640997 202.61
357.22510225774755 203.52
357.59933036013115 203.52
357.9722799617655 202.61
358.3455530932578 205.39
358.7194268746659 202.61
359.10044865781964 202.61
359.47443310875155 202.61
359.8471368276938 202.61
360.22128772915954 202.61
360.5852989817511 202.61
360.95904870619296 202.61
361.3330701957155 202.61
361.706299594896 202.61
362.0804380014155 204.45
362.4621648565357 202.61
362.83605024039383 202.61
363.20948982242004 202.61
363.5831645771844 205.39
363.95755243638064 205.39
364.3302490153536 202.61
364.7132869473329 202.61
365.0862816200233 202.61
365.4592856639234 201.71
365.8342737267873 202.61
366.2075499820162 202.61
366.58240149296756 201.71
366.95626188693325 202.61
367.330217777988 202.61
367.7131468254358 202.61
368.0874012564561 201.71
368.4616931723151 199.12
368.83525859629987 202.61
369.2093809378885 202.61
369.5842422662976 202.61
369.95938339225296 201.71
370.3352559188114 202.61
370.71012974216677 202.61
371.0863762246163 201.71
371.4623683456602 201.71
371.83737827467996 201.71
372.2121195623556 201.71
372.58837006103784 201.71
372.9641323643205 201.71
373.3392440379025 202.61
373.7059809737669 202.61
374.08223236494524 205.39
374.45610257636866 202.61
374.83135080186315 201.71
375.2129745736769 202.61
375.58710717897134 202.61
375.9612201493503 202.61
376.33496273382286 202.61
376.70840454708946 205.39
377.08242469786774 205.39
377.4564256599786 202.61
377.83809093286374 202.61
378.2122199681736 203.52
378.58534182156683 203.52
378.95907592732584 203.52
379.3319916141061 202.61
379.70621079152806 202.61
380.0882004867674 202.61
380.4608524409324 204.45
380.8353139310618 203.52
381.2081952567399 202.61
381.5825701747418 199.97
381.9551993702547 202.61
382.32931992685104 202.61
382.7021802788694 202.61
383.0841913940165 205.39
383.45818343116576 203.52
383.8310714505651 199.97
384.20508580011835 203.52
384.57792919470967 202.61
384.9522206643206 202.61
385.33430987288176 202.61
385.7071760261251 205.39
386.0813653049258 205.39
386.4540534051852 203.52
386.8273180579641 203.52
387.2099150968403 202.61
387.58316680842483 202.61
387.9570374660963 202.61
388.330022767577 202.61
388.7041687603139 202.61
389.0772691937993 200.83
389.45915714447636 202.61
389.83315587534685 202.61
390.2061505480373 202.61
390.5800185282203 202.61
390.9529150263331 203.52
391.32727744938876 200.83
391.70109009480984 200.83
392.0830092828526 202.61
392.4558790060806 202.61
392.8300107188789 204.45
393.2028960607897 205.39
393.57700501493593 205.39
393.9592508565732 202.61
394.3331250842293 202.61
394.7058970791278 202.61
395.0789948351247 202.61
395.4532474811527 202.61
395.82599002367795 203.52
396.20811850207014 203.52
396.5812466029365 202.61
396.95499766612255 203.52
397.3279941238053 202.61
397.70099682896114 202.61
398.08320116952694 203.52
398.45624091327346 203.52
398.82988175318377 203.52
399.20311159861234 203.52
399.5761339386837 203.52
399.95809730528634 205.39
400.3318800520861 203.52
400.7048858809785 205.39
401.07828440818133 204.45
401.45183956846023 203.52
401.8252068582975 204.45
402.2068716849346 203.52
402.58000157079323 201.71
402.952970361095 199.97
403.32605339090526 204.45
403.7079587452575 203.52
404.08085658211456 202.61
404.453890524636 203.52
404.82721051217675 203.52
405.2000976390799 203.52
405.58194408868553 204.45
405.9549405463683 203.52
406.3280829271732 203.52
406.70147877688754 203.52
407.0820873343192 203.52
407.4558093913801 203.52
407.8283935158369 202.61
408.20180409173787 200.83
408.5828419398226 203.52
408.9561913797366 201.71
409.32905976422035 202.61
409.70192636371183 204.45
410.0751303267518 205.39
410.45702943363085 203.52
410.829844268345 204.45
411.2037992669037 205.39
411.5770433922708 204.45
411.9590442437121 202.61
412.3321665433534 203.52
412.70490551589404 203.52
413.0787855447752 203.52
413.4517895886753 203.52
413.82614754925015 202.61
414.207024748026 202.61
414.58003548564733 202.61
414.954152472259 203.52
415.32801866744967 205.39
415.7011463220679 203.52
416.0831975995423 202.61
416.4571338556816 202.61
416.83001518135967 202.61
417.2041348454598 202.61
417.5767537772669 202.61
417.9510894254378 205.39
418.33299968851884 202.61
418.70687213118265 202.61
419.0808663995723 201.71
419.4569816850863 200.83
419.8321125473358 201.71
420.20799533760004 201.71
420.5829588568195 201.71
420.9587287463196 201.71
421.3347360397982 202.61
421.7109807372554 200.83
422.0771067594982 202.61
422.4527601782493 201.71
422.8288696625383 201.71
423.2048461648994 201.71
423.5807450200945 201.71
423.9570968170909 201.71
424.3329577411993 201.71
424.70896503467793 200.83
425.0847728552648 201.71
425.4609599867197 201.71
425.82786515811017 201.71
426.20382381054804 202.61
426.5800801104553 183.91
426.9549494713299 201.71
427.3310803755267 201.71
427.70608673456184 205.39
428.08196372360106 203.52
428.45770951570483 202.61
428.8329510474781 201.71
429.2088226815404 201.71
429.58494376827946 201.71
429.95981625289056 201.71
430.33483064439116 201.71
430.70971071521967 202.61
431.08393435512244 202.61
431.45769255827776 202.61
431.8309264199391 202.61
432.20480020134715 202.61
432.5780773490722 202.61
432.95179226616375 202.61
433.3259395976449 202.61
433.70791769043416 203.52
434.0809324442882 202.61
434.4546964486685 203.52
434.8279169228874 202.61
435.2016532598868 202.61
435.583781292031 203.52
435.9580495567418 203.52
436.33091392499284 202.61
436.70502957286027 202.61
437.0779077748018 202.61
437.4509073562211 202.61
437.8336891418025 202.61
438.2066994331757 202.61
438.58089495944944 199.12
438.95377450013524 202.61
439.3278959492277 202.61
439.70095354289737 202.61
440.0830873762666 203.52
440.4566193316453 202.61
440.8298795219434 202.61
441.2041116405597 202.61
441.58588847546486 202.61
441.958747934987 202.61
442.3327488970979 205.39
442.70587610546806 203.52
443.0796182436925 203.52
443.4618631928336 202.61
443.8347422872713 202.61
444.2087347706686 202.61
444.58186644151965 202.61
444.9558740973517 202.61
445.328817897761 202.61
445.71073797829985 199.97
446.08471841299905 202.61
446.45784785260963 202.61
446.8308411865558 202.61
447.20485776734944 202.61
447.58722811220105 202.61
447.960844854715 203.52
448.333603015923 203.52
448.7069154172464 201.71
449.0808489958972 202.61
449.45366338436327 202.61
449.83597482446834 202.61
450.20994767295014 203.52
450.5829481468656 202.61
450.9568286219949 202.61
451.3296122193434 203.52
451.71182682361507 202.61
452.0855613756222 202.61
452.4585756832281 202.61
452.8316908429002 202.61
453.2057105474304 202.61
453.57877304982895 202.61
453.9609497230138 205.39
454.3349555938536 202.61
454.70768965766524 203.52
455.080814188547 201.71
455.4545656979811 202.61
455.8365785981206 202.61
456.2107973292945 202.61
456.5838125293966 203.52
456.95780188905735 203.52
457.33091615623323 201.71
457.7046797143655 202.61
458.0876640965752 201.71
458.46378339832194 200.83
458.83891604556374 201.71
459.2055454356408 202.61
459.58177853064785 201.71
459.95691787161087 201.71
460.3329050839259 201.71
460.7078846680762 204.45
461.08377995328675 202.61
461.450990358364 202.61
461.8264715253563 202.61
462.20160194135764 201.71
462.5777645291681 201.71
462.9537767313756 201.71
463.32877193420876 201.71
463.7047627165084 202.61
464.0806432755323 202.61
464.45588837729025 199.12
464.83163015316126 201.71
465.20787886685116 201.71
465.58250279128174 201.71
465.9567634697752 202.61
466.3307452432186 202.61
466.7038965489851 202.61
467.07774132426795 202.61
467.45175076509236 203.52
467.82484316611226 202.61
468.1985527282269 202.61
468.5807436813503 202.61
468.95474107347655 202.61
469.3277437786324 202.61
469.7015800752017 201.71
470.07483624926704 202.61
470.44867522332487 202.61
470.8307398882416 202.61
471.2045935884861 202.61
471.5777185656159 200.83
471.95155664717754 202.61
472.32457987974504 202.61
472.698547819498 202.61
473.08071646021745 203.52
473.45484951175996 205.39
473.82771789624377 203.52
474.2016831585082 203.52
474.5747657420704 202.61
474.9478956279291 202.61
475.32958053572975 202.61
475.70357926660023 202.61
476.07667345261245 203.52
476.4507940092088 205.39
476.8235472616879 203.52
477.2054981333443 202.61
477.579487046757 202.61
477.95267985359493 202.61
478.3263970019269 202.61
478.6998151640453 202.61
479.0737514201845 202.61
479.455808945132 202.61
479.82881700526485 202.61
480.2028072574218 202.61
480.5766337365333 202.61
480.94180612662916 202.61
481.31568392426993 202.61
481.6898004646335 201.71
482.06240600899815 202.61
482.4395311539172 199.12
482.81466246241473 202.61
483.19043101317055 201.71
483.566660091945 201.71
483.9416593110108 201.71
484.317658572024 201.71
484.6925422128371 202.61
485.0674963608469 202.61
485.4437705106774 201.71
485.8114035126864 202.61
486.1873889400091 201.71
486.56242341267324 201.71
486.9383887588324 201.71
487.3135124811125 202.61
487.6895170971027 202.61
488.0657675957849 201.71
488.44051691592597 201.71
488.816509929466 201.71
489.1924092309093 203.52
489.5676266652863 202.61
489.9436241413071 201.71
490.3196305422896 201.71
490.6864344153659 201.71
491.0607276699692 201.71
491.4373989805909 201.71
491.81261953870444 201.71
492.1879440726206 201.71
492.5605018684407 202.61
492.9428744445327 202.61
493.31648493957357 203.52
493.68990711792463 203.52
494.0625992344168 202.61
494.4366095677373 200.83
494.8106074061116 202.61
495.19247438312897 202.61
495.56547842702906 202.61
495.9384708684791 202.61
496.3127221757628 203.52
496.68558832900624 203.52
497.0664534790839 203.52
497.44058117564947 205.39
497.8134642863199 203.52
498.18670841168705 203.52
498.568707031888 205.39
498.9414611768633 203.52
499.3146923610361 203.52
499.6863813118444 203.52
500.06018637104813 202.61
500.4415905888065 203.52
500.81347678126616 204.45
501.18764687139935 204.45
501.56100746751537 203.52
501.93245321312 203.52
502.3062158787562 200.83
502.68687843220556 204.45
503.05829249419656 203.52
