1.7849907269731734e-06 141.06
0.47516765525403093 140.80
0.9481384331708397 140.80
1.4245993142065627 140.80
1.8970787734257721 140.53
2.3713624120222696 140.53
2.8460623997058336 140.80
3.3203433608162407 140.53
3.7950750320852085 140.80
4.269392139257836 140.80
4.743824824580036 141.06
5.21614675836759 141.06
5.691187233032324 141.33
6.1662227989725595 141.33
6.639947735471514 141.88
7.113714619252553 141.88
7.587311928914529 142.43
8.063618854500051 142.70
8.536345088687264 142.98
9.007181910189976 143.54
9.480175446738555 143.82
9.952796812720559 144.39
10.423978137433576 144.97
10.89927698950604 145.26
11.372105414412372 146.14
11.845125725821854 146.44
12.318898410822756 147.04
12.793056653820683 147.34
13.266506701747684 148.26
13.73971220594509 148.57
14.21470046963106 149.50
14.690728490415493 149.82
15.165702920423328 150.46
15.640939297820347 151.11
16.11262889864287 151.77
16.586013348160655 152.10
17.06092574974073 153.10
17.536356244879308 153.44
18.012726537635636 154.13
18.49082827139713 154.83
18.966866109630562 155.53
19.44499060202382 155.89
19.92143675688605 156.98
20.39960765903821 157.71
20.8802418483936 158.46
21.359471250046855 159.22
21.837950509347102 159.99
22.317619464966878 160.77
22.795958156247377 161.57
23.275885935522567 162.38
23.756232295123226 163.20
24.23580129126229 164.03
24.713255965885256 164.46
25.192118551944123 165.31
25.671592497326976 165.75
26.149546969353494 167.07
26.624686511003574 167.52
27.096818789526388 168.43
27.56908404985836 168.89
28.042879493491032 169.83
28.514592745440687 170.78
28.99001877810245 171.26
29.46146472769074 172.24
29.933947756891403 172.74
30.409632166960893 173.75
30.884431667877486 174.79
31.35808252726127 175.84
31.830097888891466 176.38
32.303245380890246 177.47
32.77583104705771 178.58
33.24781383260714 179.14
33.72086091887753 180.29
34.19429400939262 180.88
34.66805062947698 182.07
35.1409281416283 182.68
35.61867153850136 183.29
36.09213809759258 185.83
36.565885346475625 185.18
37.040678599924675 186.48
37.51506621423102 187.14
37.9917064868348 187.14
38.46776128248014 188.49
38.94507940531249 189.88
39.42227213254627 190.59
39.90086206127159 191.31
40.3765705687159 191.31
40.85457546673045 192.04
41.33262186577941 193.53
41.8117990564539 193.53
42.29109628775478 194.29
42.7700628495235 195.07
43.2487607701878 195.07
43.72851362037174 195.85
44.20810403639953 195.85
44.68732674433756 195.85
45.16812247535374 196.65
45.64751118742938 197.46
46.1269297980997 197.46
46.60717128949515 198.28
47.08778272021877 199.12
47.570556667208116 199.97
48.05104984229607 200.83
48.52986110987153 209.35
49.0086161502391 199.12
49.485757558989484 200.83
49.96549255926615 199.97
50.44380090570429 201.71
50.92245911032492 200.83
51.39938676643575 200.83
51.87686419969048 203.52
52.35500341825724 203.52
52.83105107393967 205.39
53.30599515910515 203.52
53.78128597871934 204.45
54.25612385693656 206.35
54.727366763829664 205.39
55.20207210648541 205.39
55.672800936049136 205.39
56.145350902402065 205.39
56.61809766398264 205.39
57.089518177453066 205.39
57.561579948842166 206.35
58.033417703895026 206.35
58.5042139168587 206.35
58.97724940068937 209.35
59.449660584013266 206.35
59.921418014483415 205.39
60.39620189673115 205.39
60.86594005644141 202.61
61.3419738784457 205.39
61.8113224639298 205.39
62.286449956892476 209.35
62.761338261097734 204.45
63.236665673021825 204.45
63.71145937271856 204.45
64.18782788048416 203.52
64.66390498851358 203.52
65.14010392216012 203.52
65.61558171955296 203.52
66.09131700185817 203.52
66.56893455688498 203.52
67.04455336854525 203.52
67.52199331699472 203.52
68.0007260449782 203.52
68.477495283162 205.39
68.9547857386381 203.52
69.43128321198371 203.52
69.90876287647686 205.39
70.38573604985122 202.61
70.86334958864889 202.61
71.34288957868864 201.71
71.81875427282155 202.61
72.29645304492644 202.61
72.77494212167568 201.71
73.25307196904112 200.83
73.73030307357553 201.71
74.20827048678483 201.71
74.6872330323244 200.83
75.16584571968149 201.71
75.6432651407376 200.83
76.12073677277246 200.83
76.59933964268056 199.97
77.07832360810886 201.71
77.55836071806607 200.83
78.03895162139632 199.12
78.51937161186447 199.12
79.00111071047986 199.12
79.48125090365156 198.28
79.96470091587874 198.28
80.44610265124673 198.28
80.927631567204 197.46
81.40652672934364 201.71
81.88664773386502 198.28
82.36443887924003 198.28
82.84541578681498 196.65
83.32550689274169 196.65
83.80496075697887 196.65
84.28552086921908 195.85
84.76554637673657 196.65
85.24449955107484 196.65
85.72370530160096 197.46
86.20473754388846 197.46
86.6850232138044 196.65
87.16474482665062 196.65
87.64479175405684 197.46
88.12355259564427 198.28
88.60327108475671 197.46
89.08264507065886 197.46
89.56270895547698 197.46
90.04180760655949 197.46
90.52121729227616 197.46
91.00068499019147 197.46
91.47910980727455 201.71
91.95953292147647 198.28
92.44167765923456 198.28
92.91990344985157 198.28
93.39849248608154 197.46
93.87829219227206 197.46
94.35752561015445 196.65
94.83879793369474 196.65
95.31752441421067 197.46
95.79767040860223 197.46
96.27694131128989 196.65
96.75746170748643 196.65
97.23657686973316 196.65
97.71641495322432 196.65
98.1953087766209 196.65
98.6753780164112 196.65
99.15393581530344 196.65
99.63401531879042 195.85
100.11350845282358 195.85
100.59239602875263 195.85
101.07217431505444 204.45
101.55185308812321 195.85
102.03101733761493 195.85
102.51102544147282 196.65
102.99021468083474 196.65
103.47037807888589 195.85
103.9499894685547 196.65
104.43011716679132 198.28
104.91016498669289 194.29
105.39106112343747 196.65
105.87021332424177 198.28
106.34989745228273 197.46
106.8296422700084 199.12
107.30873824360482 197.46
107.788724927574 198.28
108.26861299080551 197.46
108.74737427864062 197.46
109.22661215899983 197.46
109.70800987813868 197.46
110.18619238273057 198.28
110.6680332258174 197.46
111.1490333382718 198.28
111.62991474884288 198.28
112.11213534870686 197.46
112.5936236561251 198.28
113.07543504686492 198.28
113.55659536223709 197.46
114.03952103343823 198.28
114.51984597315017 198.28
115.00098397613824 199.12
115.48256822680806 197.46
115.96391462746351 197.46
116.44399546969353 199.12
116.9272995589288 199.12
117.40824522916603 198.28
117.89045556533334 198.28
118.37473782948697 198.28
118.85317246401905 198.28
119.3355113195187 198.28
119.81596879479211 199.12
120.29759365400096 198.28
120.77906589650267 200.83
121.26104730760923 197.46
121.74295687283904 197.46
122.2239386891385 197.46
122.70648861979161 198.28
123.18745481742222 198.28
123.66910779023503 198.28
124.14986782143667 198.28
124.63207146388875 200.83
125.11462987324781 199.12
125.59498649654515 198.28
126.07641768426014 198.28
126.55899840600328 198.28
127.04133770775061 198.28
127.52013737288635 198.28
127.9918385761486 199.12
128.47352814127132 195.85
128.95362147843642 198.28
129.43728345831244 198.28
129.91838665398134 198.28
130.39796145134025 198.28
130.86961445985287 199.12
131.35100593152418 199.12
131.83292576045068 198.28
132.31391650170377 199.12
132.79524058997512 198.28
133.27663340038947 198.28
133.7587527020297 199.12
134.24136064488144 199.12
134.7229587292294 195.85
135.20606513074165 196.65
135.6857175751972 198.28
136.1677445035673 198.28
136.64869686751976 198.28
137.12990314640317 198.28
137.6112254496838 198.28
138.09006929334 197.46
138.57003098743903 197.46
139.04974456782696 198.28
139.528207315963 194.29
140.00769107879483 198.28
140.49020129340428 197.46
140.96786391944693 197.46
141.44782248981215 197.46
141.9278395186237 197.46
142.40696003584262 198.28
142.88737958006308 197.46
