1.7849907269731734e-06 141.06
0.4752087100407513 141.33
0.9497333223853902 141.06
1.423783573444336 141.06
1.897909686609178 141.06
2.3716368543465416 141.06
2.845764306254429 141.06
3.323769204268984 141.33
3.7975695566261534 141.33
4.272532830441945 141.33
4.747352412504217 141.60
5.222487045429799 141.88
5.699095188200498 142.15
6.174199476283721 142.43
6.648640194064192 142.70
7.12412468517226 142.98
7.596881710449514 143.26
8.07062762058951 143.82
8.545120549348747 144.39
9.019105648246157 144.68
9.494126934260576 145.26
9.967189639199825 145.85
10.441893643112524 146.44
10.917772617171254 147.04
11.392924653756424 147.64
11.868086061542911 148.26
12.341879720184854 148.57
12.818656544579252 149.19
13.29497819633827 149.82
13.771644797555277 150.46
14.24806953252878 150.78
14.72195244070707 151.44
15.195836687628407 152.10
15.672463572801739 152.77
16.148875812840153 153.10
16.62585791116815 153.79
17.104156886404976 154.13
17.581442879404243 154.83
18.060918609777822 155.53
18.538657544174058 156.25
19.01424020977211 156.61
19.49547147852567 157.34
19.97608647923074 158.09
20.45660866041801 158.84
20.937749787139857 159.60
21.41891099500738 160.38
21.898084615700423 161.17
22.376388499661743 161.57
22.859635469193737 162.38
23.341424547549476 163.20
23.82273658713343 164.03
24.301923595256923 164.88
24.783818434313233 165.31
25.260980816704656 166.18
25.741093788767767 167.07
26.21881888948587 167.52
26.69173656392855 168.43
27.165749776429912 168.89
27.63960189351816 169.83
28.11393908183647 170.78
28.58865602693194 171.75
29.062574634924772 172.74
29.53988695653726 173.25
30.015209905984538 174.27
30.491815371269148 174.79
30.965251139270332 175.84
31.437798874384846 176.38
31.912144541409106 177.47
32.38612964030652 178.02
32.859903664050464 178.58
33.33324438129544 179.72
33.80724733010012 180.29
34.281263666335256 181.47
34.7565165548965 182.07
35.233065346725525 182.68
35.70839588238339 183.29
36.18467558686033 183.91
36.662018253315175 185.18
37.13372748903569 185.83
37.61032626060508 186.48
38.08703971782867 187.14
38.56448769873641 187.81
39.042217708179 189.18
39.52035201802126 189.18
39.998384137144406 189.88
40.477173538583465 191.31
40.957267768243945 190.59
41.43529408614722 192.78
41.91598628770124 193.53
42.39584534483343 193.53
42.876766025200496 195.07
43.35649567050499 195.85
43.838692172994165 196.65
44.32095248890182 196.65
44.80152063360031 197.46
45.28072593787875 198.28
45.76231777475916 197.46
46.233070701697706 199.12
46.70359247233711 203.52
47.18500982637395 199.97
47.66351452179206 200.83
48.14364266627635 201.71
48.621724765139845 202.61
49.10405469568585 202.61
49.57855074817886 202.61
50.05898234108674 203.52
50.536204074419835 203.52
51.01356771451572 204.45
51.489892490008515 203.52
51.96666529817377 204.45
52.4406794031705 205.39
52.91420397446035 209.35
53.38878436776521 205.39
53.86232723521001 205.39
54.33575764823902 205.39
54.80905731069727 206.35
55.281418514280816 206.35
55.75386138119013 206.35
56.229651105712506 206.35
56.70371429795422 207.33
57.17751063408225 207.33
57.65277646382627 207.33
58.12633004121544 207.33
58.60257761585929 208.33
59.07738782672024 208.33
59.55358095914692 211.44
60.02945770196724 208.33
60.5050229639057 208.33
60.981349970636906 208.33
61.45679340695825 210.38
61.93144162991073 208.33
62.40857768368893 208.33
62.884533858596605 207.33
63.36054626071218 209.35
63.83636722257228 208.33
64.31252867141355 208.33
64.78819344658504 208.33
65.2639813861167 208.33
65.7392133010369 208.33
66.21598655544985 208.33
66.69052143149116 212.52
67.16647269767434 207.33
67.64023467273087 207.33
68.11410820970785 207.33
68.58947310643721 206.35
69.06348408770016 207.33
69.53757316230742 209.35
70.01178674001788 206.35
70.48480526643664 206.35
70.95757746413507 206.35
71.43122519978509 206.35
71.90489837155296 205.39
72.37953499206571 206.35
72.85269140901814 203.52
73.32829013953273 204.45
73.80429317044698 204.45
74.28119315920154 204.45
74.75928284427562 203.52
75.23646441531736 203.52
75.71350541833935 203.52
76.19374423224872 203.52
76.67090438340173 200.83
77.14948047844891 203.52
77.62711008216313 203.52
78.10592759720613 203.52
78.58585493023364 201.71
79.06305390493496 202.61
79.54156395532526 202.61
80.0212579008152 202.61
80.49966442174333 205.39
80.97845159194398 202.61
81.45710622658315 202.61
81.93667388397917 202.61
82.41633525338835 201.71
82.89482656137601 201.71
83.37441563866076 201.71
83.8540265820819 201.71
84.33335594321588 201.71
84.8104326460524 201.71
85.29215969598037 201.71
85.7722847167309 201.71
86.25302689802527 205.39
86.73113889548344 197.46
87.21138440310803 200.83
87.68912244500889 200.83
88.17156884619985 200.83
88.65179427267876 199.97
89.13239186972423 201.71
89.6149185954979 199.12
90.09725477351145 199.12
90.57963691503623 198.28
91.06256437122809 198.28
91.54665028640176 199.12
92.02833583529534 211.44
92.50885355400578 197.46
92.98041909797278 201.71
93.4609524353521 197.46
93.94213060063153 197.46
94.42278665612332 197.46
94.90439098793881 197.46
95.38486318938573 200.83
95.8663827341417 197.46
96.34643546276777 195.85
96.82725618365413 198.28
97.3077953222533 197.46
97.78829385231344 196.65
98.27049615602247 196.65
98.75166271886218 197.46
99.23202425088401 198.28
99.71174273999647 196.65
100.18221274590479 199.97
100.66302141810374 196.65
101.14442672345317 196.65
101.62594359072304 194.29
102.10687765852056 196.65
102.58992470909114 196.65
103.07002518621915 196.65
103.54725405951515 195.85
104.02035737299344 195.85
104.50183184673355 194.29
104.98141735403685 195.85
105.46080428112175 195.07
105.94098195909872 194.29
106.42343550025258 195.85
106.90360380702822 195.85
107.38387564326604 195.07
107.86472760149012 194.29
108.34633148705792 195.07
108.82669748155658 195.85
109.3077756873553 195.85
109.78822557641813 195.07
110.25838544018764 196.65
110.73706015597249 196.65
111.22146379949557 195.85
111.698261597531 196.65
112.16939383499903 196.65
112.65459804686314 196.65
113.14300899456828 196.65
113.62423580084501 201.71
114.105972668222 197.46
114.5861271413195 197.46
115.06675820694112 197.46
115.54776233562467 198.28
116.04005251442719 197.46
116.5224703557665 196.65
117.00302332804381 197.46
117.48385743636062 198.28
117.97672505966331 198.28
118.45907819508878 197.46
118.91818048755236 197.46
119.40017126986025 199.12
119.88348249905842 198.28
120.3665317808674 198.28
120.86066496259552 199.97
121.34352637413049 198.28
121.82692640661732 199.12
122.30910818293299 199.12
122.79104318428065 199.12
123.27404114760624 199.12
123.75280823666121 202.61
124.2241810016297 199.97
124.7044528378675 199.97
125.18617185533721 199.12
125.66761464549192 199.12
126.14963488014679 199.97
126.62080281742936 199.12
127.10306759581384 196.65
127.58610572143078 199.12
128.06848295423106 198.28
128.55257511687228 198.28
129.0336359190114 199.12
129.50555935361916 198.28
129.98744482147416 198.28
130.45914022351653 198.28
130.94184723335363 199.12
131.41218514994816 199.12
131.8943945936201 199.12
132.37755856108328 199.97
132.85806869358314 199.12
133.33107026258998 199.12
133.81140680474164 199.97
134.2930927998829 199.97
134.77261137003393 199.97
135.25333748641177 197.46
135.73244907867704 203.52
136.2153328025961 199.97
136.6939138063678 213.62
137.17379339089334 199.97
137.6524658754398 199.97
138.12296444119974 200.83
138.60226078000525 199.97
139.08179184509137 200.83
139.5621364197013 200.83
140.04197985816464 199.12
140.49830068882792 200.83
140.99005313917394 200.83
141.46903264212543 200.83
141.94706609999162 199.12
142.42948795756007 197.46
142.91072993625798 200.83
143.38891065585915 204.45
143.8690419240772 199.97
144.35038118476976 200.83
144.82901841574932 199.97
145.3129972314794 197.46
145.79455604603135 199.12
146.27818143359744 195.85
146.76056893009442 199.12
147.24379492598536 199.97
147.72871621681927 198.28
148.20641989764863 195.85
148.6763262927349 199.12
149.1602752098703 197.46
149.6400673298502 197.46
150.12062119462288 197.46
150.6032273524839 196.65
151.08411991924703 197.46
151.56294278926222 196.65
152.04396744533912 196.65
152.52511214204242 196.65
153.00732247820972 196.65
153.48758226576012 195.85
153.96681791488092 197.46
154.4484744576752 197.46
154.9290787484359 197.46
155.4098222684733 196.65
155.89051402377964 196.65
156.36018792382373 197.46
156.83929326862147 197.46
157.32161159672776 197.46
157.8029356849991 198.28
158.28406476303357 196.65
158.76583108275753 196.65
159.24571602225527 197.46
159.72787325494843 196.65
160.20767340738664 197.46
160.69132601606134 200.83
161.1712296979617 197.46
161.65143504329495 196.65
162.1326341822154 196.65
162.61345847308323 196.65
163.09430373759207 195.85
163.57555999621582 197.46
164.05789483548634 199.97
164.53781949102773 197.46
165.01871652026767 196.65
165.5008920491158 197.46
165.98034145087615 196.65
166.44927993474073 196.65
166.93218597104388 196.65
167.4244832898093 197.46
167.90606441674535 197.46
168.3862037174217 197.46
168.85583210020224 197.46
169.33718742581132 197.46
169.80567787700343 197.46
170.2859608694333 198.28
170.7676919355904 197.46
171.24970993900686 200.83
171.729922424303 198.28
172.20212565620722 198.28
172.68463631706433 199.12
173.1686682362685 200.83
173.65234717355642 198.28
174.13445844273838 198.28
174.6188759199396 198.28
175.0998028477742 198.28
175.5846799600876 198.28
176.0667390182908 198.28
176.54913633223674 198.28
177.03213474181 197.46
177.51665440973034 198.28
177.9973408100645 198.28
178.4780646952039 198.28
178.93827546690895 198.28
179.42076426162967 198.28
179.9045427121506 198.28
180.38664996510343 198.28
